100
4
7500 -27223 34217 -37527
-17975 -26925 32115 -38469
8902 15302 16361 40358
27941 38621 -46038 47578
2326 8668 -11842 -14482
13676 15640 -46763 49123
17516 30972 -41573 45061
-826 -36261 40990 44499
-10765 -13505 19545 -41024
8919 -13655 -25599 45972
1091 -24427 -39298 41748
-13762 -31049 -36240 -38597
12721 -19028 29703 -37644
27362 31539 41517 46699
-8333 15158 27987 49091
-3663 25111 33324 -42176
1825 17400 -18816 30805
-7783 11091 47751 -49239
3532 -9078 34852 -45179
16598 -23414 42151 -48835
9242 11189 -30826 -31122
6581 13823 23207 -48401
-6257 -11068 37027 -37418
-9825 -13524 -21302 27187
3252 -9101 36730 -39744
2016 9074 10319 -15704
24726 35035 -35436 40835
-13663 -20167 -37853 -40124
834 18266 31738 -46842
19492 -21265 39410 39873
2873 12348 -32854 -39823
7497 -15040 35315 35945
-3308 -14172 -43650 -47224
-7386 26851 39176 -46184
-14637 -19760 -32849 -40019
24510 -28558 -30469 48123
15742 -35010 40392 44693
-4459 31155 -35009 -41411
899 -14848 -15504 36802
-2304 -23449 -48643 49753
1889 -21805 27351 -36327
-6580 -15341 -34635 -41336
65 -22213 33183 -39644
5746 17367 -39198 -47745
-3375 6866 11843 30223
-20439 27075 36327 45505
11847 13965 21123 39742
27267 -39968 43048 46029
10409 -21324 -23548 -43200
6295 -15290 16741 47795
13799 17954 20758 48382
-10545 -22992 34454 -47302
2170 25917 -28962 -37861
25285 28625 -32297 -32906
8832 -31273 34917 37238
11188 19675 20276 38087
19206 28413 -39421 -41225
9738 12152 -13646 -49931
-959 6104 21590 -26973
20794 36664 -36986 39623
299 -24067 30513 -37729
-16263 -28106 39175 -43098
-14045 -24652 -29920 -37009
-8979 -16655 32183 35949
-8749 11390 45404 49575
-20496 -20877 -22231 35704
876 -11145 40350 -49968
3816 6176 -40931 -46361
-1914 -32520 -32766 33525
8878 -15770 -40462 -43517
432 -25973 -32224 49814
-5407 -6653 36956 -43146
-1776 -7796 21085 -40971
1929 -8313 16896 -41739
-16777 22312 -37658 39693
-14246 19163 -35285 43623
26404 31774 44848 47468
15186 -18818 -26942 47458
-5357 21656 23859 -32192
16991 -28541 35105 37637
5543 -18500 41925 -46185
-3454 22118 24199 28098
-29099 -34129 -39386 41094
-10904 -12125 28531 -38906
4237 -13519 -36287 40030
25671 27540 -34570 -37208
-295 19947 24481 47123
-10428 21587 -25292 36882
9333 -11060 -27095 -49950
-4230 39860 42761 -43446
-1057 -14408 25104 -47260
3105 17442 -18357 23355
-7170 -12682 22365 28462
-26590 -30763 -31274 -47658
-20667 30157 -31133 -39423
13049 -20642 26817 -48862
25230 34873 -38014 -42036
24116 33450 -35278 43161
-8149 -11992 -21372 37977
-19137 -23959 36557 -37521